1
     900.0   288.15     12.08967
        20   297.0625   11.974085
        40   297.1689   11.930722
        60   297.2755   11.887476
        80   297.3821   11.844347
       100   297.4888   11.801335
       120   297.5956   11.758439
       140   297.7024   11.715660
       160   297.8093   11.672997
       180   297.9163   11.630450
       200   298.0233   11.588019
       220   298.1305   11.545703
       240   298.2377   11.503503
       260   298.3449   11.461418
       280   298.4523   11.419449
       300   298.5597   11.377594
       320   298.6672   11.335854
       340   298.7748   11.294228
       360   298.8824   11.252717
       380   298.9901   11.211319
       400   299.0979   11.170036
       420   299.2058   11.128867
       440   299.3137   11.087811
       460   299.4217   11.046869
       480   299.5298   11.006040
       500   299.6379   10.965324
       520   299.7462   10.924721
       540   299.8545   10.884230
       560   299.9628   10.843852
       580   300.0713   10.803587
       600   300.1798   10.763433
       620   300.2884   10.723392
       640   300.3971   10.683462
       660   300.5058   10.643644
       680   300.6146   10.603937
       700   300.7235   10.564342
       720   300.8325   10.524857
       740   300.9416   10.485483
       760   301.0507   10.446220
       780   301.1599   10.407068
       800   301.2691   10.368026
       820   301.3785   10.329094
       840   301.4879   10.290272
       860   301.5974   10.251559
       880   301.7070   10.212956
       900   301.8166   10.174463
       920   301.9263   10.136079
       940   302.0361   10.097803
       960   302.1460   10.059637
       980   302.2560   10.021579
      1000   302.3660    9.983630
      1020   302.4761    9.945789
      1040   302.5863    9.908056
      1060   302.6965    9.870431
      1080   302.8068    9.832913
      1100   302.9172    9.795504
      1120   303.0277    9.758201
      1140   303.1383    9.721006
      1160   303.2489    9.683918
      1180   303.3596    9.646936
      1200   303.4704    9.610061
      1220   303.5813    9.573293
      1240   303.6922    9.536630
      1260   303.8032    9.500074
      1280   303.9143    9.463624
      1300   304.0255    9.427279
      1320   304.1367    9.391040
      1340   304.2480    9.354906
      1360   304.3594    9.318878
      1380   304.4709    9.282954
      1400   304.5825    9.247135
      1420   304.6941    9.211421
      1440   304.8058    9.175811
      1460   304.9176    9.140305
      1480   305.0295    9.104903
      1500   305.1414    9.069605
      1520   305.2534    9.034411
      1540   305.3655    8.999321
      1560   305.4777    8.964333
      1580   305.5899    8.929449
      1600   305.7023    8.894667
